J0: $S6 + S2 -> S8; E0*(k0*S6*S2);
J1: $S6 -> S1; E1*(k1*S6);
J2: S9 + S1 -> $S4; E2*(k2*S9*S1);
J3: $S6 + S8 -> S0; E3*(k3*S6*S8);
J4: $S5 -> S8 + S2; E4*(k4*S5);
J5: S0 + S2 -> S4; E5*(k5*S0*S2);
J6: $S3 -> S9; E6*(k6*S3);

k0 = 0.2612865796282017
k1 = 0.5638771662927979
k2 = 0.7105549803386426
k3 = 0.7916959103163991
k4 = 0.7903570756172671
k5 = 0.8522356948994431
k6 = 0.9156565272049398

E0 = 1
E1 = 1
E2 = 1
E3 = 1
E4 = 1
E5 = 1
E6 = 1

S3 = 4
S4 = 1
S5 = 4
S6 = 1

S0 = 3
S1 = 5
S2 = 2
S8 = 3
S9 = 1