
J0: S1 + S3 -> $S8; E0*(k0*S1*S3);
J1: S1 -> S4 + S0; E1*(k1*S1);
J2: S9 -> S1; E2*(k2*S9);
J3: S0 -> S5; E3*(k3*S0);
J4: $S2 -> S1 + S3; E4*(k4*S2);
J5: S7 + S4 -> S9; E5*(k5*S7*S4);
J6: S1 -> S5; E6*(k6*S1);
J7: S4 + S5 -> S9; E7*(k7*S4*S5);
J8: S0 + S4 -> S9; E8*(k8*S0*S4);
J9: S1 + S5 -> $S8; E9*(k9*S1*S5);
J10: S5 -> S7 + S1; E10*(k10*S5);
J11: S9 -> S3; E11*(k11*S9);

k0 = 0.8363396348420258
k1 = 0.4208202048742853
k2 = 0.5588461785727509
k3 = 0.3397809620270711
k4 = 0.21546492079672264
k5 = 0.5053978722068844
k6 = 0.46977159231847776
k7 = 0.7245415680763979
k8 = 0.6244918684897952
k9 = 0.09492299933517667
k10 = 0.3593549041936337
k11 = 0.8878568233380806

E0 = 1
E1 = 1
E2 = 1
E3 = 1
E4 = 1
E5 = 1
E6 = 1
E7 = 1
E8 = 1
E9 = 1
E10 = 1
E11 = 1

S2 = 5
S8 = 4

S0 = 6
S1 = 6
S3 = 4
S4 = 2
S5 = 4
S7 = 5
S9 = 5